Y-UH 0 1.85 1.99
M-N 0 3.21 3.32
L-# 0 4.80 4.91
N-IH 0 5.48 5.57
N-# 0 7.05 7.17
M-EH 0 8.06 8.21
IH-M 0 9.23 9.36
AH-N 0 10.28 10.37
AH-F 0 11.40 11.54
IH-T 0 12.33 12.40

P-Y 1 3.22 3.34
Y-AH 1 4.55 4.65
HH-EH 1 5.44 5.53
S-EH 1 6.62 6.72
T-K 1 7.65 7.72
M-P 1 8.83 8.95
K-EH 1 10.15 10.27
W-IH 1 11.02 11.15
SH-R 1 12.18 12.28
IH-L 1 13.25 13.38

IH-# 2 2.29 2.45
AO-M 2 2.96 3.05
D-IH 2 4.03 4.16
M-# 2 5.31 5.51
AO-SH 2 5.99 6.11
Y-IH 2 7.27 7.43
EH-M 2 8.28 8.39
IH-HH 2 9.23 9.37
IH-S 2 10.42 10.56
K-# 2 12.03 12.17

K-AO 3 2.76 2.84
EH-T 3 3.91 4.13
L-K 3 4.84 4.93
N-D 3 6.13 6.21
T-UH 3 7.07 7.21
D-AH 3 8.09 8.24
L-EH 3 9.21 9.32
EH-L 3 10.75 10.89
HH-AH 3 11.67 11.78
R-IH 3 12.73 12.85

EH-R 4 2.91 3.03
S-M 4 3.81 3.94
N-T 4 4.94 5.02
N-AH 4 5.96 6.04
UH-T 4 7.14 7.34
IH-N 4 8.14 8.26
R-# 4 3.03 3.18
AH-# 4 10.40 10.57
S-IH 4 11.22 11.40
EH-N 4 12.30 12.39

SH-Y 5 2.68 2.86
UH-AO 5 4.32 4.57
K-HH 5 5.58 5.67
EH-K 5 6.71 6.80
F-# 5 8.62 8.82
T-EH 5 9.43 9.57
T-# 5 11.29 11.41
L-L 5 12.47 12.55